Wavelength Trans 
nm % 
400 43,8528533493645 
400,2 43,9905949026367 
400,4 44,0259870103034 
400,6 43,8973317107418 
400,8 43,949687241319 
401 44,070672508657 
401,2 43,9921610748167 
401,4 43,8505573188983 
401,6 43,7276777174498 
401,8 44,1528656281036 
402 44,2935748249305 
402,2 43,9159972522256 
402,4 43,9115429069387 
402,6 43,8193014927675 
402,8 43,9364977533327 
403 43,9353301267698 
403,2 43,6062981678451 
403,4 43,8611280808879 
403,6 44,0711176677849 
403,8 43,8385709909421 
404 43,8597383983958 
404,2 44,1095294991966 
404,4 44,1012285358969 
404,6 43,6973368167331 
404,8 43,96088931631 
405 43,7551831644542 
405,2 44,0722886120217 
405,4 43,8772472934922 
405,6 43,954416197118 
405,8 44,0918211810734 
406 44,0919027856961 
406,2 44,0457373232325 
406,4 44,1688826307959 
406,6 44,0973788497805 
406,8 43,7898572882913 
407 43,8496719146309 
407,2 44,0196767526619 
407,4 43,9252616468949 
407,6 43,9600390938691 
407,8 43,9466037551016 
408 43,8829081622756 
408,2 44,2674552122473 
408,4 43,9788040245019 
408,6 44,3353672252913 
408,8 44,2769161076468 
408,999999999999 43,9961019149211 
409,199999999999 43,784501757397 
409,399999999999 44,219310113953 
409,599999999999 44,2799750978938 
409,799999999999 44,4293648104648 
409,999999999999 44,1024961050025 
410,199999999999 44,0227779675796 
410,399999999999 43,986311207195 
410,599999999999 43,9518962921169 
410,799999999999 43,6613216971443 
410,999999999999 44,1113087710582 
411,199999999999 44,3320848447889 
411,399999999999 44,2410704376061 
411,599999999999 44,0136286526637 
411,799999999999 44,4129287816898 
411,999999999999 44,0133776457151 
412,199999999999 44,2996776819348 
412,399999999999 43,8337676251431 
412,599999999999 43,7129118716825 
412,799999999999 44,2181911867875 
412,999999999999 44,2917791189348 
413,199999999999 44,480037002487 
413,399999999999 44,3617339960064 
413,599999999999 44,0655931729492 
413,799999999999 44,3467985668336 
413,999999999999 43,9935109651778 
414,199999999999 44,0547526088212 
414,399999999999 44,1900171115402 
414,599999999999 43,9188041626802 
414,799999999999 44,2415395760714 
414,999999999999 43,8272817005587 
415,199999999999 44,1697871300865 
415,399999999999 44,1174801070484 
415,599999999999 44,080478596185 
415,799999999999 44,3245291829718 
415,999999999999 44,0352819419026 
416,199999999999 44,0910029618171 
416,399999999999 43,9669128075414 
416,599999999999 43,6431337253101 
416,799999999999 44,0534026661348 
416,999999999999 44,0848858448057 
417,199999999999 43,976424271931 
417,399999999999 44,1335262124747 
417,599999999999 44,0730930794279 
417,799999999999 44,2164975321931 
417,999999999999 44,1951628849655 
418,199999999999 44,1389821508572 
418,399999999999 44,1374022683366 
418,599999999999 44,1635458960765 
418,799999999999 44,0687981542233 
418,999999999999 43,8974919426255 
419,199999999999 43,9169637339525 
419,399999999999 43,8255647054859 
419,599999999999 44,2160443139767 
419,799999999999 44,157150371669 
419,999999999999 43,9228727229577 
420,199999999999 43,7651365299591 
420,399999999999 43,9148614025409 
420,599999999999 43,8878809630064 
420,799999999999 44,0389051251094 
420,999999999999 44,0297062101903 
421,199999999999 44,1340746078776 
421,399999999999 43,8903739252604 
421,599999999999 43,988201168879 
421,799999999999 44,1112201799434 
421,999999999999 44,1279645255225 
422,199999999999 43,6617431820409 
422,399999999999 43,882530115326 
422,599999999999 43,799752915016 
422,799999999999 43,4050307476877 
422,999999999999 44,2323357487831 
423,199999999999 44,1518512899481 
423,399999999999 43,7178741247107 
423,599999999999 43,840994653481 
423,799999999999 43,8075058386805 
423,999999999999 44,1957096953421 
424,199999999999 43,9616007864277 
424,399999999999 43,5498102458798 
424,599999999999 43,5820515179523 
424,799999999999 43,9398158160238 
424,999999999999 44,3483157842711 
425,199999999999 43,9589529243497 
425,399999999999 43,6050284055625 
425,599999999999 43,8136057960086 
425,799999999999 43,7753854019983 
425,999999999999 43,6813431996247 
426,199999999999 43,696852083941 
426,399999999998 43,2793943665789 
426,599999999998 43,5407235443809 
426,799999999998 43,6800059213276 
426,999999999998 43,6358969198427 
427,199999999998 44,0759713488701 
427,399999999998 43,8962433525279 
427,599999999998 43,5974514676205 
427,799999999998 43,5076383467189 
427,999999999998 43,7776368760079 
428,199999999998 43,3890540160736 
428,399999999998 43,2195159072623 
428,599999999998 43,5993882747873 
428,799999999998 43,5811556754645 
428,999999999998 43,3236164377791 
429,199999999998 43,2133677956018 
429,399999999998 43,3084607083716 
429,599999999998 43,3165321060417 
429,799999999998 43,2615934086772 
429,999999999998 43,1824956245239 
430,199999999998 43,1509233641278 
430,399999999998 43,1865440161739 
430,599999999998 43,2892055268621 
430,799999999998 43,3709314921479 
430,999999999998 42,9624021165278 
431,199999999998 42,988234285098 
431,399999999998 42,8352470338502 
431,599999999998 43,0664710827326 
431,799999999998 42,8673446935225 
431,999999999998 43,2188150384795 
432,199999999998 42,7708589675043 
432,399999999998 43,2384519052394 
432,599999999998 43,2207775527805 
432,799999999998 42,966740187067 
432,999999999998 43,1186254455096 
433,199999999998 43,049124254185 
433,399999999998 42,9556639766341 
433,599999999998 43,0189678161793 
433,799999999998 43,0034899040611 
433,999999999998 42,8065554041709 
434,199999999998 42,4139021283993 
434,399999999998 42,7060236323094 
434,599999999998 42,8624415384345 
434,799999999998 43,1398613995665 
434,999999999998 42,6645282680409 
435,199999999998 43,1366390256903 
435,399999999998 42,7845276953934 
435,599999999998 42,756736569886 
435,799999999998 42,4720659929246 
435,999999999998 42,4165645036102 
436,199999999998 42,6998968704093 
436,399999999998 42,1666768888468 
436,599999999998 42,0450906659936 
436,799999999998 42,2265738560563 
436,999999999998 42,188981099245 
437,199999999998 42,2702644802221 
437,399999999998 42,5034261757205 
437,599999999998 42,4591404811896 
437,799999999998 42,2853948471205 
437,999999999998 42,2484741387561 
438,199999999998 41,8190638035811 
438,399999999998 41,8898251032449 
438,599999999998 42,3125481892699 
438,799999999998 42,3238779153666 
438,999999999998 41,8644169132175 
439,199999999998 41,7643453332183 
439,399999999998 42,2313118725713 
439,599999999998 42,0466758396069 
439,799999999998 41,6747090812346 
439,999999999998 41,6610634706963 
440,199999999998 41,5568757938564 
440,399999999998 41,2691220697411 
440,599999999998 41,639660901549 
440,799999999998 41,5696568896909 
440,999999999998 41,4281753928052 
441,199999999998 41,4314067207417 
441,399999999998 41,2433622338979 
441,599999999998 41,7636588162253 
441,799999999998 41,400949110933 
441,999999999998 40,9660029671968 
442,199999999998 40,7007540079122 
442,399999999998 40,7728018860476 
442,599999999998 41,1726675765446 
442,799999999998 40,9197315224445 
442,999999999998 40,9113946791437 
443,199999999998 41,0858482727062 
443,399999999998 40,9481477687254 
443,599999999998 41,0787575733638 
443,799999999998 40,8330487949351 
443,999999999997 40,8482431384013 
444,199999999997 40,5967277641743 
444,399999999997 40,3399949227808 
444,599999999997 40,5172108799343 
444,799999999997 40,2198350806871 
444,999999999997 40,5171608497348 
445,199999999997 40,6163070333651 
445,399999999997 40,5452500533088 
445,599999999997 40,185421404042 
445,799999999997 40,3408162733508 
445,999999999997 39,8614339199323 
446,199999999997 40,0773015820193 
446,399999999997 39,9963523472837 
446,599999999997 39,7451919514336 
446,799999999997 39,7378504673757 
446,999999999997 39,9419348653281 
447,199999999997 39,9413645569717 
447,399999999997 39,632386230792 
447,599999999997 39,7179248725999 
447,799999999997 39,8260189412741 
447,999999999997 39,3726004632063 
448,199999999997 39,1252465669298 
448,399999999997 39,4076868908589 
448,599999999997 39,2197908685005 
448,799999999997 39,3877369710256 
448,999999999997 39,3162703316696 
449,199999999997 39,2233432417828 
449,399999999997 38,7894840358254 
449,599999999997 39,0296553154466 
449,799999999997 38,8369886132548 
449,999999999997 38,6388747456894 
450,199999999997 38,9928339155554 
450,399999999997 38,7071267705926 
450,599999999997 38,6196395639074 
450,799999999997 38,4469954206975 
450,999999999997 38,7992267156527 
451,199999999997 38,2726657720802 
451,399999999997 38,540922460494 
451,599999999997 38,3104238403813 
451,799999999997 37,8833959652036 
451,999999999997 38,1902324303828 
452,199999999997 37,9197317798297 
452,399999999997 38,1007334075169 
452,599999999997 38,1042886656455 
452,799999999997 38,0022179511786 
452,999999999997 38,271821960406 
453,199999999997 37,5728984027539 
453,399999999997 37,1695839842033 
453,599999999997 37,4725675542112 
453,799999999997 37,6819904573821 
453,999999999997 37,2188621351794 
454,199999999997 37,2537720155127 
454,399999999997 37,0318123986241 
454,599999999997 37,2090438630044 
454,799999999997 37,3353600123398 
454,999999999997 36,8314533278992 
455,199999999997 37,1352948475163 
455,399999999997 37,1435226965327 
455,599999999997 36,9773370832656 
455,799999999997 37,0401131709937 
455,999999999997 36,717321078439 
456,199999999997 36,3355551802916 
456,399999999997 36,3339275610879 
456,599999999997 36,2532135894007 
456,799999999997 36,335434678453 
456,999999999997 36,1547351097018 
457,199999999997 36,2789179215748 
457,399999999997 36,4906728460728 
457,599999999997 35,8856319177768 
457,799999999997 35,819612026279 
457,999999999997 36,0965542503731 
458,199999999997 35,7411966858197 
458,399999999997 35,5700968760149 
458,599999999997 35,8881860617918 
458,799999999997 35,8971579605294 
458,999999999997 35,3927407009621 
459,199999999997 35,3255128332453 
459,399999999997 35,0067256650145 
459,599999999997 34,9651316392131 
459,799999999997 34,8713359671053 
459,999999999997 34,6605343621109 
460,199999999997 34,9041031144056 
460,399999999997 35,0324429579079 
460,599999999997 34,5484547894477 
460,799999999997 34,5152804564818 
460,999999999997 34,276037635936 
461,199999999997 33,9654170790283 
461,399999999997 34,1924695915503 
461,599999999996 34,168342729294 
461,799999999996 34,1851329937297 
461,999999999996 34,1592838180317 
462,199999999996 33,7884715379849 
462,399999999996 33,6266830487641 
462,599999999996 33,3702781593045 
462,799999999996 33,2677147751204 
462,999999999996 33,3138535456102 
463,199999999996 33,1690766447258 
463,399999999996 33,352261936128 
463,599999999996 33,1442650674387 
463,799999999996 32,9642629469303 
463,999999999996 32,95871374514 
464,199999999996 32,7436168491541 
464,399999999996 32,5216443229845 
464,599999999996 32,2404616525582 
464,799999999996 32,4076422959059 
464,999999999996 32,4450870770434 
465,199999999996 32,1820242766569 
465,399999999996 32,2672716592313 
465,599999999996 31,9950190324651 
465,799999999996 31,7318223551465 
465,999999999996 31,6259701805123 
466,199999999996 31,811211795987 
466,399999999996 31,7093699792068 
466,599999999996 31,3120748691469 
466,799999999996 31,3681368086864 
466,999999999996 31,4756521110781 
467,199999999996 31,4572679069657 
467,399999999996 31,3181407537485 
467,599999999996 31,3128994159828 
467,799999999996 31,1941403881519 
467,999999999996 31,385409226181 
468,199999999996 30,8199478736963 
468,399999999996 30,8656879340688 
468,599999999996 30,8488708711076 
468,799999999996 30,2449551249988 
468,999999999996 30,1180301369503 
469,199999999996 30,3161522111176 
469,399999999996 29,8373752264056 
469,599999999996 29,8728072075544 
469,799999999996 29,8316257380198 
469,999999999996 29,4290415336772 
470,199999999996 29,3015657277262 
470,399999999996 29,2415283901406 
470,599999999996 29,0297469782665 
470,799999999996 29,367657405445 
470,999999999996 29,3887927769186 
471,199999999996 28,9714286746262 
471,399999999996 29,0572271547408 
471,599999999996 28,8006516257337 
471,799999999996 28,5410619779781 
471,999999999996 28,4710910381883 
472,199999999996 28,2211251365356 
472,399999999996 28,1991139958711 
472,599999999996 28,2942015934362 
472,799999999996 28,0508900887324 
472,999999999996 28,1279812790201 
473,199999999996 27,9922672279773 
473,399999999996 27,8267991557083 
473,599999999996 27,5350989549257 
473,799999999996 27,5650644485569 
473,999999999996 27,3700048266104 
474,199999999996 27,1216249347512 
474,399999999996 27,2165280177258 
474,599999999996 27,3905150563015 
474,799999999996 27,1382537706251 
474,999999999996 26,9553545967293 
475,199999999996 26,7481046735041 
475,399999999996 26,4670080430738 
475,599999999996 26,2462326062905 
475,799999999996 26,3721747210617 
475,999999999996 26,188539123651 
476,199999999996 26,124194217064 
476,399999999996 25,9141681422002 
476,599999999996 25,9478111221436 
476,799999999996 25,8730633699224 
476,999999999996 25,9147029985572 
477,199999999996 25,646897934088 
477,399999999996 25,4016116097748 
477,599999999996 25,4042727305635 
477,799999999996 25,2711772431107 
477,999999999996 25,0042277708475 
478,199999999996 24,7811361150623 
478,399999999996 25,2267614232691 
478,599999999996 24,9879215106733 
478,799999999996 24,6762571524896 
478,999999999996 24,6657345884302 
479,199999999995 24,4205882063019 
479,399999999995 24,5073691950115 
479,599999999995 24,3898172742331 
479,799999999995 23,9524300490705 
479,999999999995 23,9779122539487 
480,199999999995 23,9359571943136 
480,399999999995 23,8318312575731 
480,599999999995 23,8330470994292 
480,799999999995 23,6848170897213 
480,999999999995 23,4603277156236 
481,199999999995 23,3203293222489 
481,399999999995 23,0967777721795 
481,599999999995 22,94571219519 
481,799999999995 22,8084079695342 
481,999999999995 23,1375092560389 
482,199999999995 23,1347083366684 
482,399999999995 22,8265665899555 
482,599999999995 22,6148152501121 
482,799999999995 22,6808373378856 
482,999999999995 22,4738818904481 
483,199999999995 22,0295994883946 
483,399999999995 22,3299829590195 
483,599999999995 21,8782583902073 
483,799999999995 21,8565288342796 
483,999999999995 21,8450713668182 
484,199999999995 21,735921846539 
484,399999999995 21,8109576213758 
484,599999999995 21,5476526041592 
484,799999999995 21,0731351446302 
484,999999999995 21,0980002006917 
485,199999999995 21,4693199706463 
485,399999999995 21,3819207225118 
485,599999999995 21,3404864218401 
485,799999999995 21,4024841480544 
485,999999999995 21,1598758152384 
486,199999999995 21,0235678972036 
486,399999999995 20,9044826596029 
486,599999999995 20,7278899236415 
486,799999999995 20,5311469477492 
486,999999999995 20,449741113549 
487,199999999995 20,5932880684664 
487,399999999995 20,3542809749413 
487,599999999995 20,3168748985971 
487,799999999995 20,2861206358107 
487,999999999995 19,8032042936116 
488,199999999995 19,6191143910036 
488,399999999995 19,6057392346205 
488,599999999995 19,5650951092405 
488,799999999995 19,6114946976498 
488,999999999995 19,4154742825177 
489,199999999995 19,0784966033029 
489,399999999995 19,0081608938914 
489,599999999995 19,0844749853391 
489,799999999995 18,8520901360448 
489,999999999995 18,5685911073393 
490,199999999995 18,8646539852536 
490,399999999995 18,9560256329258 
490,599999999995 18,7991239131902 
490,799999999995 18,6272414856179 
490,999999999995 18,8182279167966 
491,199999999995 18,448258816483 
491,399999999995 18,2114872220738 
491,599999999995 17,942839660103 
491,799999999995 18,1539541798613 
491,999999999995 18,1433602094807 
492,199999999995 18,2555362509803 
492,399999999995 18,0432062897039 
492,599999999995 17,9501296576097 
492,799999999995 17,8366322565644 
492,999999999995 17,5895667075719 
493,199999999995 17,3747035896088 
493,399999999995 17,3950537369301 
493,599999999995 17,5415351423798 
493,799999999995 17,3381904924074 
493,999999999995 17,3230224225057 
494,199999999995 17,4065629920311 
494,399999999995 17,1227612359585 
494,599999999995 16,9065119936127 
494,799999999995 16,7972753926079 
494,999999999995 16,6290393268294 
495,199999999995 16,7866875321819 
495,399999999995 17,0289417762662 
495,599999999995 16,8491755651934 
495,799999999995 16,738043744116 
495,999999999995 16,5273460417311 
496,199999999995 16,3604822212763 
496,399999999995 16,41637999828 
496,599999999995 16,4385174043848 
496,799999999994 16,3524168714676 
496,999999999994 16,2114631880318 
497,199999999994 16,2322109633683 
497,399999999994 16,1217539404785 
497,599999999994 15,7784654354541 
497,799999999994 15,9465550834629 
497,999999999994 15,9062913024182 
498,199999999994 15,7588050583273 
498,399999999994 15,4389402171125 
498,599999999994 15,5562176309862 
498,799999999994 15,4849438115444 
498,999999999994 15,5744990116373 
499,199999999994 15,4126718406578 
499,399999999994 15,055195790523 
499,599999999994 14,9957241387611 
499,799999999994 14,7732897707566 
499,999999999994 15,0702000037831 
500,199999999994 15,058115580296 
500,399999999994 14,9287303513986 
500,599999999994 14,7727353732885 
500,799999999994 14,8016279795881 
500,999999999994 14,956415490741 
501,199999999994 14,7670609525334 
501,399999999994 14,4768501623743 
501,599999999994 14,5857666636936 
501,799999999994 14,529282165767 
501,999999999994 14,4698935837632 
502,199999999994 14,3733671031674 
502,399999999994 14,4371807384016 
502,599999999994 14,4379563468369 
502,799999999994 14,6628554584777 
502,999999999994 14,2527866695715 
503,199999999994 14,237259815662 
503,399999999994 14,5547884538001 
503,599999999994 14,3011416666163 
503,799999999994 14,2079674287559 
503,999999999994 14,1329301144778 
504,199999999994 13,4817028383542 
504,399999999994 13,701066602923 
504,599999999994 13,9693582250641 
504,799999999994 13,6152925985496 
504,999999999994 13,8094330473281 
505,199999999994 14,0969969372903 
505,399999999994 13,8292578560962 
505,599999999994 13,6240469754561 
505,799999999994 13,7338635707111 
505,999999999994 13,2725879383145 
506,199999999994 13,1449119800779 
506,399999999994 13,4065184668763 
506,599999999994 13,6600301362426 
506,799999999994 13,2913233726412 
506,999999999994 13,1789248476123 
507,199999999994 13,4274985686687 
507,399999999994 13,6213940375846 
507,599999999994 13,0180801392405 
507,799999999994 12,5300067077108 
507,999999999994 13,4419995924719 
508,199999999994 13,6120514219197 
508,399999999994 12,7985654597119 
508,599999999994 12,8597524299365 
508,799999999994 13,3896385025284 
508,999999999994 13,6153589879921 
509,199999999994 12,6338840836516 
509,399999999994 12,4408493409383 
509,599999999994 12,9628589994023 
509,799999999994 13,3650948633437 
509,999999999994 13,0659772700419 
510,199999999994 12,2635807861918 
510,399999999994 12,4094380774944 
510,599999999994 12,9520142738285 
510,799999999994 13,2705640350586 
510,999999999994 12,7538371594528 
511,199999999994 12,1282052792511 
511,399999999994 12,700144717637 
511,599999999994 13,0362742899632 
511,799999999994 13,4301577856118 
511,999999999994 12,4593055047907 
512,199999999994 11,6714276899924 
512,399999999994 12,1475368791796 
512,599999999994 13,1769499463681 
512,799999999994 13,7767723033048 
512,999999999994 13,14564324191 
513,199999999994 11,785946186697 
513,399999999994 11,8346089887925 
513,599999999994 12,7998780245015 
513,799999999994 13,3429462231992 
513,999999999994 13,4358208972071 
514,199999999994 12,3767727939515 
514,399999999994 11,6591923658079 
514,599999999994 12,5287125083842 
514,799999999994 13,1865533473802 
514,999999999994 13,8189924910081 
515,199999999994 13,8239584379722 
515,399999999994 12,5165684847868 
515,599999999994 11,7762124890886 
515,799999999994 12,4308129567987 
515,999999999995 13,0695121459553 
516,199999999995 13,6405924200413 
516,399999999995 14,1007017597404 
516,599999999995 12,9514691823582 
516,799999999995 11,2068620533793 
516,999999999995 11,8152945190318 
517,199999999995 12,7218550219869 
517,399999999995 13,7743605944178 
517,599999999995 14,2325713545621 
517,799999999995 13,3823388013205 
517,999999999995 11,5861233301654 
518,199999999995 11,0584695198046 
518,399999999995 12,2482528041408 
518,599999999995 13,1437496055029 
518,799999999995 13,8745008546588 
518,999999999995 14,3887210317533 
519,199999999995 13,051155727884 
519,399999999995 10,9540948753369 
519,599999999995 10,9758514522592 
519,799999999995 11,8193767533488 
519,999999999995 12,9098992359213 
520,199999999995 13,7955335692231 
520,399999999996 14,5610192113485 
520,599999999996 13,6475503263412 
520,799999999996 11,0132802214193 
520,999999999996 10,7315881621862 
521,199999999996 11,4414938683298 
521,399999999996 12,681813317488 
521,599999999996 13,6861559511264 
521,799999999996 14,4460003037616 
521,999999999996 14,1150012432245 
522,199999999996 11,9630841905618 
522,399999999996 10,4298422124638 
522,599999999996 10,6564765718333 
522,799999999996 11,7542392355041 
522,999999999996 13,3946368684116 
523,199999999996 14,6508519703658 
523,399999999996 15,3222082497532 
523,599999999996 13,6404005585374 
523,799999999996 10,6094916875723 
523,999999999996 10,0552128906875 
524,199999999996 11,1571359444582 
524,399999999996 12,1506482447334 
524,599999999996 12,9087168138691 
524,799999999997 14,1932846842707 
524,999999999997 15,0944086171049 
525,199999999997 14,112976974459 
525,399999999997 11,1840128726135 
525,599999999997 10,21918397347 
525,799999999997 10,9226061498896 
525,999999999997 11,7330789281213 
526,199999999997 12,7036084836543 
526,399999999997 13,9255915198437 
526,599999999997 14,9851731454266 
526,799999999997 15,1634650402029 
526,999999999997 12,835640069423 
527,199999999997 10,0694977793688 
527,399999999997 10,4411971968386 
527,599999999997 11,5174779927391 
527,799999999997 12,7270583349096 
527,999999999997 13,995387179623 
528,199999999997 14,7308242786972 
528,399999999997 15,4607617325208 
528,599999999997 15,1783332461885 
528,799999999997 12,4795453594148 
528,999999999997 10,4016535933638 
529,199999999998 11,3131913671581 
529,399999999998 12,4369222537681 
529,599999999998 13,4248609956803 
529,799999999998 14,3082024485129 
529,999999999998 15,5702417165256 
530,199999999998 16,7057936409718 
530,399999999998 16,093420280826 
530,599999999998 12,5836043113655 
530,799999999998 10,1714591776584 
530,999999999998 10,8858676245757 
531,199999999998 12,5537313876968 
531,399999999998 13,9155791790735 
531,599999999998 15,0736173321219 
531,799999999998 16,3305821041153 
531,999999999998 17,3133334783712 
532,199999999998 17,5742824348157 
532,399999999998 15,2548141504441 
532,599999999998 11,0688444705917 
532,799999999998 10,4629310736574 
532,999999999998 11,9487742510998 
533,199999999998 13,8498511443848 
533,399999999998 14,9463992683935 
533,599999999999 16,3035987058799 
533,799999999999 17,3202048195133 
533,999999999999 17,8794451122589 
534,199999999999 17,4097252527655 
534,399999999999 14,5660867268905 
534,599999999999 11,25592020367 
534,799999999999 11,2784742827015 
534,999999999999 12,5202860395744 
535,199999999999 14,0290001012167 
535,399999999999 15,7867094734716 
535,599999999999 16,2074236266693 
535,799999999999 16,7420452699567 
535,999999999999 17,7733775727295 
536,199999999999 18,7030251313166 
536,399999999999 16,9697594862185 
536,599999999999 12,3383773556927 
536,799999999999 10,8153430222873 
536,999999999999 11,9940746649377 
537,199999999999 13,1672722774719 
537,399999999999 14,1250480043074 
537,599999999999 14,9527550490203 
537,8 16,431828565756 
538 17,7806102511584 
538,2 19,1691603192055 
538,4 19,0993134015303 
538,6 15,1616444975723 
538,8 10,7740944227401 
539 10,4737773407772 
539,2 11,5333666504737 
539,4 12,5582247225509 
539,6 14,0726638734489 
539,8 15,5007187359267 
540 16,9676770181867 
540,2 18,3975173834485 
540,4 19,3290170265372 
540,6 18,4361291684928 
540,8 14,0381367975889 
541 10,146395358739 
541,2 10,309125139284 
541,4 11,7722997464181 
541,6 13,5596047572454 
541,8 14,52253610193 
542 15,7110244832639 
542,200000000001 17,4330803266398 
542,400000000001 18,6620107026846 
542,600000000001 19,067097130561 
542,800000000001 18,3179890433512 
543,000000000001 15,2293993446074 
543,200000000001 11,3505679149411 
543,400000000001 10,5470966816533 
543,600000000001 11,9097513190181 
543,800000000001 13,2186290297241 
544,000000000001 14,6050072814536 
544,200000000001 15,9329157849984 
544,400000000001 17,7293607696131 
544,600000000001 18,1871483869245 
544,800000000001 18,2131434154598 
545,000000000001 18,2349619502715 
545,200000000001 18,4688447302708 
545,400000000001 16,0455723092704 
545,600000000001 12,0059035700709 
545,800000000001 11,5669037126621 
546,000000000001 12,8445326653012 
546,200000000001 13,8927620019889 
546,400000000001 15,1468210861378 
546,600000000002 16,6306531177321 
546,800000000002 17,8997176150013 
547,000000000002 18,5406188279363 
547,200000000002 18,0960654261069 
547,400000000002 18,3708826390343 
547,600000000002 19,3307310612098 
547,800000000002 17,5029062430965 
548,000000000002 13,2951995938244 
548,200000000002 11,9593341344388 
548,400000000002 13,5687488353308 
548,600000000002 14,8911668385158 
548,800000000002 15,9894856989129 
549,000000000002 17,4009159166301 
549,200000000002 18,5308048586112 
549,400000000002 18,4158603203265 
549,600000000002 17,814142404128 
549,800000000002 18,4903346356964 
550,000000000002 19,5779305159513 
550,200000000002 19,6502061389395 
550,400000000002 16,5409496407806 
550,600000000002 13,2743820252265 
550,800000000002 13,7414808770262 
551,000000000003 15,324533084643 
551,200000000003 16,8724988667306 
551,400000000003 18,289364536481 
551,600000000003 19,3310031519446 
551,800000000003 18,8637798687123 
552,000000000003 17,7504909153248 
552,200000000003 18,2641046582874 
552,400000000003 19,3393187008131 
552,600000000003 20,8889837768235 
552,800000000003 21,2318172189113 
553,000000000003 17,8559094781617 
553,200000000003 14,570506705872 
553,400000000003 15,3005819539262 
553,600000000003 16,953994933478 
553,800000000003 18,4967555498162 
554,000000000003 20,2281593406423 
554,200000000003 20,5035015261556 
554,400000000003 18,8178231744285 
554,600000000003 18,0403811811792 
554,800000000003 18,8756828529436 
555,000000000003 20,2297725798782 
555,200000000003 21,9916629337092 
555,400000000004 22,9156053271498 
555,600000000004 21,1801381644519 
555,800000000004 17,0227940392024 
556,000000000004 15,69106862813 
556,200000000004 17,4238821371857 
556,400000000004 18,9107928956005 
556,600000000004 20,1546646733444 
556,800000000004 20,7530427207028 
557,000000000004 19,1820728373768 
557,200000000004 18,0464159748783 
557,400000000004 19,3876308498041 
557,600000000004 20,8193052391599 
557,800000000004 21,9852640397213 
558,000000000004 22,9283099342947 
558,200000000004 23,8700224336338 
558,400000000004 20,9958754313562 
558,600000000004 18,5044203894578 
558,800000000004 17,8975707713061 
559,000000000004 19,4819037160708 
559,200000000004 21,3956125498586 
559,400000000004 22,3929808721426 
559,600000000004 20,480243285772 
559,800000000005 18,1728814433862 
560,000000000005 18,8045622255524 
560,200000000005 19,8406666901241 
560,400000000005 20,902705737795 
560,600000000005 22,7431753979627 
560,800000000005 24,1955634287074 
561,000000000005 25,5434884403249 
561,200000000005 25,1832809488534 
561,400000000005 21,8300448483907 
561,600000000005 20,0783639276157 
561,800000000005 21,3987382863754 
562,000000000005 22,7371729876557 
562,200000000005 22,6812511758176 
562,400000000005 19,9845357334488 
562,600000000005 17,771553498786 
562,800000000005 18,734966411957 
563,000000000005 20,5202435322675 
563,200000000005 21,7163869732057 
563,400000000005 23,1453605000611 
563,600000000005 25,0310096467658 
563,800000000005 26,3326979891878 
564,000000000005 27,5805638426035 
564,200000000006 26,9639344570242 
564,400000000006 23,7222042651021 
564,600000000006 22,1276580833667 
564,800000000006 23,3097304672588 
565,000000000006 23,9812559298446 
565,200000000006 21,720107553341 
565,400000000006 18,6953183326358 
565,600000000006 18,7281487842303 
565,800000000006 20,3126932554222 
566,000000000006 21,6296820673338 
566,200000000006 23,013874237213 
566,400000000006 24,4527531983942 
566,600000000006 25,8534560343177 
566,800000000006 27,1304072829851 
567,000000000006 28,4396485862977 
567,200000000006 29,094419774218 
567,400000000006 27,0410330991727 
567,600000000006 24,9102575504643 
567,800000000006 25,2991235586011 
568,000000000006 24,999709060975 
568,200000000006 21,7812990450872 
568,400000000006 19,1099619287462 
568,600000000007 19,8370917596177 
568,800000000007 21,7128962879141 
569,000000000007 23,2712820608204 
569,200000000007 24,6103278047071 
569,400000000007 25,8305262162684 
569,600000000007 27,0947508692638 
569,800000000007 28,6090086864144 
570,000000000007 30,0766006649999 
570,200000000007 30,9469774956673 
570,400000000007 29,851705165343 
570,600000000007 27,5336793060777 
570,800000000007 27,0035668768134 
571,000000000007 27,1110212524069 
571,200000000007 23,9183574900388 
571,400000000007 20,8952061064604 
571,600000000007 21,4684827008629 
571,800000000007 22,9656008270376 
572,000000000007 24,1666003486409 
572,200000000007 24,9139448481023 
572,400000000007 26,4834271888907 
572,600000000007 27,3511426279595 
572,800000000007 28,6410108241778 
573,000000000008 30,0183329180826 
573,200000000008 31,2511707342198 
573,400000000008 32,5699063107694 
573,600000000008 32,7098769745381 
573,800000000008 31,382105187192 
574,000000000008 30,3307457812553 
574,200000000008 29,0097344859941 
574,400000000008 25,1713152963611 
574,600000000008 22,5875167474443 
574,800000000008 23,7569260464102 
575,000000000008 25,0160956509267 
575,200000000008 25,0712517245325 
575,400000000008 25,4153981119791 
575,600000000008 26,7939319559229 
575,800000000008 28,2436467830149 
576,000000000008 29,7640989255003 
576,200000000008 31,2345744745152 
576,400000000008 32,4722055145844 
576,600000000008 33,7680767060858 
576,800000000008 34,9247169341584 
577,000000000008 35,2315972475976 
577,200000000008 34,2221452529753 
577,400000000009 32,1590485383461 
577,600000000009 28,113902354693 
577,800000000009 25,2973282700366 
578,000000000009 25,6776723389878 
578,200000000009 25,7970196773796 
578,400000000009 25,4833667615199 
578,600000000009 26,6052582122486 
578,800000000009 28,2788908368367 
579,000000000009 29,7073725261608 
579,200000000009 30,9967721474343 
579,400000000009 32,341652428 
579,600000000009 33,764084458095 
579,800000000009 35,0535232739038 
580,000000000009 36,2870811272152 
580,200000000009 37,3788048814802 
580,400000000009 37,5043843972998 
580,600000000009 36,3549752949919 
580,800000000009 33,1984734738048 
581,000000000009 29,2635126948704 
581,200000000009 27,7025839995353 
581,400000000009 26,2335307089828 
581,600000000009 26,4383007020745 
581,80000000001 27,4336193579538 
582,00000000001 29,0795261111015 
582,20000000001 30,4755004952831 
582,40000000001 31,9296613222088 
582,60000000001 33,4229070422931 
582,80000000001 34,615178480336 
583,00000000001 35,8227261620043 
583,20000000001 36,5808100206774 
583,40000000001 37,3251862330414 
583,60000000001 38,6479228186208 
583,80000000001 39,8574372581402 
584,00000000001 39,999745381199 
584,20000000001 37,472277954265 
584,40000000001 33,1190820100845 
584,60000000001 30,430505914454 
584,80000000001 28,614380783705 
585,00000000001 27,8028639205817 
585,20000000001 28,9531986692466 
585,40000000001 30,4202397585257 
585,60000000001 32,0712841761716 
585,80000000001 33,6553061835224 
586,00000000001 35,2017719264592 
586,200000000011 36,2386949077084 
586,400000000011 37,54192047011 
586,600000000011 38,0912973666854 
586,800000000011 38,8665873177906 
587,000000000011 40,1073790363952 
587,200000000011 41,2173711401534 
587,400000000011 42,0972437263475 
587,600000000011 42,3386169797033 
587,800000000011 39,1078344089928 
588,000000000011 34,2266522684473 
588,200000000011 30,5675515900941 
588,400000000011 29,4729452965187 
588,600000000011 30,5943627798641 
588,800000000011 32,1826366110061 
589,000000000011 33,7145028519284 
589,200000000011 35,0714976574099 
589,400000000011 36,2817406740909 
589,600000000011 37,4634651312317 
589,800000000011 38,3634169682204 
590,000000000011 39,2630497455135 
590,200000000011 40,1689078899203 
590,400000000011 41,4212654879113 
590,600000000012 42,6988670956768 
590,800000000012 43,3298670352635 
591,000000000012 44,0419618534831 
591,200000000012 44,6950439901651 
591,400000000012 42,2631341853021 
591,600000000012 36,1680284589415 
591,800000000012 31,8219095584538 
592,000000000012 31,5081303900657 
592,200000000012 32,5300037602481 
592,400000000012 34,0376247435525 
592,600000000012 35,7752764970541 
592,800000000012 37,259000176014 
593,000000000012 37,8981679625217 
593,200000000012 38,5637818477196 
593,400000000012 39,850114725164 
593,600000000012 40,941089360152 
593,800000000012 42,0488551122982 
594,000000000012 42,9500193611985 
594,200000000012 43,7878539673183 
594,400000000012 44,579499087868 
594,600000000012 45,4169308693988 
594,800000000012 46,0979042343071 
595,000000000013 46,1117674066937 
595,200000000013 42,1980569765671 
595,400000000013 33,7878621200333 
595,600000000013 33,6586704839033 
595,800000000013 34,2341758870524 
596,000000000013 35,5643207339551 
596,200000000013 36,9220595360118 
596,400000000013 38,3041804412038 
596,600000000013 39,6025704604842 
596,800000000013 40,394198524166 
597,000000000013 41,0280686619465 
597,200000000013 42,3799095338506 
597,400000000013 43,5913067355689 
597,600000000013 44,5039046969036 
597,800000000013 45,2618221495311 
598,000000000013 45,8551718979029 
598,200000000013 46,5435742639016 
598,400000000013 47,2511681638392 
598,600000000013 47,867739237828 
598,800000000013 47,2257002637633 
599,000000000013 42,3732661230959 
599,200000000013 37,2085529894681 
599,400000000014 35,872753033191 
599,600000000014 36,6809368467719 
599,800000000014 38,1839083250275 
600,000000000014 39,1774808080997 
600,200000000014 40,1763701911704 
600,400000000014 41,1786405759167 
600,600000000014 42,2007210584161 
600,800000000014 43,3872589484963 
601,000000000014 44,0636164167566 
601,200000000014 44,9929167690488 
601,400000000014 46,0622121233822 
601,600000000014 46,7680554560632 
601,800000000014 47,5352988584333 
602,000000000014 48,0002168360066 
602,200000000014 48,3238997950526 
602,400000000014 48,9852228511872 
602,600000000014 49,0185917120511 
602,800000000014 45,3922709323851 
603,000000000014 40,3045486040028 
603,200000000014 38,2368522433549 
603,400000000014 38,7997096993775 
603,600000000014 39,6714424552175 
603,800000000015 40,6078940177405 
604,000000000015 41,7603883875019 
604,200000000015 42,8582768765891 
604,400000000015 43,9507331407484 
604,600000000015 44,6380292926419 
604,800000000015 45,2392006111036 
605,000000000015 46,2626691548261 
605,200000000015 47,1689575761568 
605,400000000015 47,8129811055601 
605,600000000015 48,3863406494997 
605,800000000015 48,8409986962211 
606,000000000015 49,19093752457 
606,200000000015 49,7456653063459 
606,400000000015 50,2875059050047 
606,600000000015 48,6026686199248 
606,800000000015 44,3807866859483 
607,000000000015 41,5411405427652 
607,200000000015 40,8449979068851 
607,400000000015 41,1815497292978 
607,600000000015 41,9763998879848 
607,800000000015 43,1968075131486 
608,000000000015 44,3216297073258 
608,200000000016 45,0358060161827 
608,400000000016 45,8642532818862 
608,600000000016 46,8183498671165 
608,800000000016 47,499244400686 
609,000000000016 48,1837062348502 
609,200000000016 48,4689225477578 
609,400000000016 49,388204594069 
609,600000000016 49,791690359408 
609,800000000016 50,2372664631261 
610,000000000016 50,7693016934057 
610,200000000016 51,0774701141712 
610,400000000016 50,8013716818922 
610,600000000016 48,4004946260011 
610,800000000016 44,6865320784494 
611,000000000016 42,5251995932584 
611,200000000016 42,7349302806283 
611,400000000016 43,6566541389451 
611,600000000016 44,4133164529015 
611,800000000016 45,1269644033447 
612,000000000016 45,8036797764909 
612,200000000016 46,6499031974204 
612,400000000016 47,3723287887272 
612,600000000017 47,9318426110767 
612,800000000017 48,3273125994292 
613,000000000017 49,075713421977 
613,200000000017 49,6463493912352 
613,400000000017 50,0840992195889 
613,600000000017 50,6324053422256 
613,800000000017 50,9360142430582 
614,000000000017 51,5440461860488 
614,200000000017 52,0363550549972 
614,400000000017 51,618059142718 
614,600000000017 49,6532611646461 
614,800000000017 47,3720822327176 
615,000000000017 45,9413352529385 
615,200000000017 44,7814643770893 
615,400000000017 44,9014728576405 
615,600000000017 45,8407650083273 
615,800000000017 46,3958618753331 
616,000000000017 47,082426708507 
616,200000000017 47,8021921474579 
616,400000000017 48,4425000924643 
616,600000000017 48,9914753179547 
616,800000000017 49,6592419534476 
617,000000000018 50,2313549906596 
617,200000000018 50,7172697085734 
617,400000000018 50,9223162158696 
617,600000000018 51,1146443748493 
617,800000000018 51,4894861585752 
618,000000000018 51,8201129473627 
618,200000000018 52,200287089793 
618,400000000018 51,9254442375772 
618,600000000018 50,9362868091098 
618,800000000018 48,7563991145815 
619,000000000018 47,2373404080409 
619,200000000018 46,7800463467506 
619,400000000018 46,7536204105309 
619,600000000018 46,9522890406168 
619,800000000018 47,5915377732528 
620,000000000018 48,1510888661585 
620,200000000018 48,798367876577 
620,400000000018 49,3463517565275 
620,600000000018 49,7329245413214 
620,800000000018 50,0111334179293 
621,000000000018 50,5511061401394 
621,200000000018 51,0886051902266 
621,400000000019 51,4880176901786 
621,600000000019 51,8401016801036 
621,800000000019 52,1899791998632 
622,000000000019 52,5259798878829 
622,200000000019 52,548141920465 
622,400000000019 52,6539354987067 
622,600000000019 52,0950542781045 
622,800000000019 51,2764213672794 
623,000000000019 50,4169185318404 
623,200000000019 48,804577577921 
623,400000000019 48,5141653819516 
623,600000000019 48,493431987053 
623,800000000019 48,510624841392 
624,000000000019 48,7246357116206 
624,200000000019 49,0898936543667 
624,400000000019 49,6829028835157 
624,600000000019 50,2095280145425 
624,800000000019 50,7923627666077 
625,000000000019 51,1994252844149 
625,200000000019 51,5169617377477 
625,400000000019 51,7487488883535 
625,600000000019 51,9548892516736 
625,80000000002 52,358368093836 
626,00000000002 52,4175587001669 
626,20000000002 52,8336981938312 
626,40000000002 53,0452787675213 
626,60000000002 53,0979569948659 
626,80000000002 53,0474623690804 
627,00000000002 51,7663579851014 
627,20000000002 50,6702819248229 
627,40000000002 50,4375470890761 
627,60000000002 49,6456925280021 
627,80000000002 49,5395460881125 
628,00000000002 50,0221650076674 
628,20000000002 50,1127089196815 
628,40000000002 50,4373705909718 
628,60000000002 50,6535766022341 
628,80000000002 50,9871463536429 
629,00000000002 51,4269268859398 
629,20000000002 51,6311697779089 
629,40000000002 51,6795713423985 
629,60000000002 51,9229615285531 
629,80000000002 52,5297659795554 
630,00000000002 52,9612359098529 
630,200000000021 52,9825940654297 
630,400000000021 53,2785519430505 
630,600000000021 53,6345391152587 
630,800000000021 53,342913198009 
631,000000000021 53,2818016718905 
631,200000000021 53,0806801669887 
631,400000000021 52,1405969650483 
631,600000000021 51,4494716158277 
631,800000000021 51,3868416497467 
632,000000000021 51,4334431880475 
632,200000000021 50,904478909596 
632,400000000021 50,741002766717 
632,600000000021 51,2544489041265 
632,800000000021 51,3917782107279 
633,000000000021 51,6934754698203 
633,200000000021 51,9613337215457 
633,400000000021 52,3112618547419 
633,600000000021 52,7015316245642 
633,800000000021 52,7724880246069 
634,000000000021 52,9169673720051 
634,200000000021 53,2375490507576 
634,400000000021 53,5287746230633 
634,600000000022 53,5567458759196 
634,800000000022 53,3924599638727 
635,000000000022 53,6338688303208 
635,200000000022 53,6646716701717 
635,400000000022 53,1836725618825 
635,600000000022 53,5545655215357 
635,800000000022 53,4686870138268 
636,000000000022 52,3336229022706 
636,200000000022 51,6995040994576 
636,400000000022 51,9088392453222 
636,600000000022 52,0265718233521 
636,800000000022 51,9292667197339 
637,000000000022 52,115115421172 
637,200000000022 52,3329171162664 
637,400000000022 52,7339653266456 
637,600000000022 52,7063265948339 
637,800000000022 52,8744832735574 
638,000000000022 53,1024665208158 
638,200000000022 53,341590124629 
638,400000000022 53,5237982554575 
638,600000000022 53,8619143262491 
638,800000000022 54,001906176325 
639,000000000023 54,2095929925963 
639,200000000023 54,2927450956328 
639,400000000023 54,5110766137312 
639,600000000023 54,4928404614232 
639,800000000023 53,7825245706921 
640,000000000023 53,3361853117944 
640,200000000023 53,4647304300329 
640,400000000023 53,3120644276904 
640,600000000023 53,2314287216378 
640,800000000023 52,4530629900306 
641,000000000023 52,7285381063532 
641,200000000023 53,1071502872434 
641,400000000023 53,0068234804519 
641,600000000023 52,8756764081966 
641,800000000023 52,904565942099 
642,000000000023 53,4016917740536 
642,200000000023 53,4368520828107 
642,400000000023 53,3741647208216 
642,600000000023 53,6025418583183 
642,800000000023 53,7296263936763 
643,000000000023 54,0353346774228 
643,200000000023 54,0065418905223 
643,400000000024 54,2520237552894 
643,600000000024 54,1454816111294 
643,800000000024 54,2499570298483 
644,000000000024 54,4074229584042 
644,200000000024 54,1514773629233 
644,400000000024 54,3367898154246 
644,600000000024 53,9969422037061 
644,800000000024 53,6304333392863 
645,000000000024 53,5911585269661 
645,200000000024 53,4519259171296 
645,400000000024 53,4917516292025 
645,600000000024 52,811279516203 
645,800000000024 52,8030648219503 
646,000000000024 53,0408773940403 
646,200000000024 53,6076543794265 
646,400000000024 53,871856394989 
646,600000000024 53,6491493780194 
646,800000000024 53,7227603450517 
647,000000000024 53,8774745172021 
647,200000000024 54,1298259994775 
647,400000000024 54,2120111047703 
647,600000000024 54,5866360664141 
647,800000000025 54,5868165697148 
648,000000000025 54,6925517801087 
648,200000000025 54,6079645086568 
648,400000000025 54,5088494414494 
648,600000000025 54,3028043668831 
648,800000000025 54,4365173036359 
649,000000000025 54,6685689502638 
649,200000000025 54,692087748983 
649,400000000025 53,836490476756 
649,600000000025 53,792676640956 
649,800000000025 53,9207424262672 
650,000000000025 53,9036331599911 
650,200000000025 54,0057072896307 
650,400000000025 53,6919471763334 
650,600000000025 53,5774403908382 
650,800000000025 54,09382533404 
651,000000000025 53,926060189141 
651,200000000025 54,1622824266987 
651,400000000025 54,4333292249886 
651,600000000025 54,2744544642224 
651,800000000025 54,7127163202747 
652,000000000025 54,7236649370789 
652,200000000026 54,5475533871925 
652,400000000026 54,5328660716429 
652,600000000026 54,7874873105831 
652,800000000026 55,0226328018569 
653,000000000026 55,3466265905637 
653,200000000026 54,8107949278569 
653,400000000026 54,983388242968 
653,600000000026 54,7712068164666 
653,800000000026 54,7530712167067 
654,000000000026 54,7106092842883 
654,200000000026 54,1624465112895 
654,400000000026 53,7811016312117 
654,600000000026 54,3116335092428 
654,800000000026 54,5698752520153 
655,000000000026 54,5084424157731 
655,200000000026 54,3663957483165 
655,400000000026 54,3003876700758 
655,600000000026 54,4690241602016 
655,800000000026 54,4215115290567 
656,000000000026 54,652384132563 
656,200000000026 54,6344867443951 
656,400000000026 54,8387039830048 
656,600000000027 54,9007673731739 
656,800000000027 54,9750776669834 
657,000000000027 54,6971123504105 
657,200000000027 54,6609125367722 
657,400000000027 54,9494116324329 
657,600000000027 55,0900127492815 
657,800000000027 55,4113819301642 
658,000000000027 55,4026045054607 
658,200000000027 54,9651838539912 
658,400000000027 54,7535564935582 
658,600000000027 55,0067996135733 
658,800000000027 54,7166856692911 
659,000000000027 54,8762377570312 
659,200000000027 55,0182578948199 
659,400000000027 54,7921126197434 
659,600000000027 54,8322590584841 
659,800000000027 54,8328965617386 
660,000000000027 54,6131530078903 
660,200000000027 54,8480412103972 
660,400000000027 55,0630874717956 
660,600000000027 54,991884860533 
660,800000000027 54,6941371441101 
661,000000000028 54,8342590207648 
661,200000000028 55,0312243137214 
661,400000000028 54,76843660604 
661,600000000028 54,9976347290509 
661,800000000028 55,1840704127873 
662,000000000028 55,5121753930123 
662,200000000028 55,4833795576727 
662,400000000028 55,3018977771673 
662,600000000028 55,1573431881415 
662,800000000028 54,760546892604 
663,000000000028 54,6905313135595 
663,200000000028 54,8295837405837 
663,400000000028 55,1972469866256 
663,600000000028 55,1278236070539 
663,800000000028 55,2174206176534 
664,000000000028 55,1287491510954 
664,200000000028 55,2850539627319 
664,400000000028 55,0719888925048 
664,600000000028 54,6821594069151 
664,800000000028 54,9167978033274 
665,000000000028 55,1372216059433 
665,200000000028 55,2844427603826 
665,400000000029 55,1677594503071 
665,600000000029 55,1259354283966 
665,800000000029 54,9212458356193 
666,000000000029 54,8929853464985 
666,200000000029 55,1515460344012 
666,400000000029 55,2201753500276 
666,600000000029 55,3130266049886 
666,800000000029 55,4313435410095 
667,000000000029 55,4847132272837 
667,200000000029 55,3610808910238 
667,400000000029 55,5507011974037 
667,600000000029 55,778697230784 
667,800000000029 55,7578383989232 
668,000000000029 55,2817949635039 
668,200000000029 55,4498565112851 
668,400000000029 55,5832582002349 
668,600000000029 55,0610391894201 
668,800000000029 55,3274085502412 
669,000000000029 55,3186916934529 
669,200000000029 55,562495979255 
669,400000000029 55,2774504629234 
669,600000000029 55,2773206489345 
669,80000000003 54,955431157083 
670,00000000003 55,1870440155828 
670,20000000003 55,1892834394402 
670,40000000003 55,1607277642062 
670,60000000003 55,4235383359056 
670,80000000003 55,5467510446569 
671,00000000003 55,8456063499196 
671,20000000003 55,6504856697567 
671,40000000003 55,9101309206434 
671,60000000003 55,712607877994 
671,80000000003 55,5412002423329 
672,00000000003 55,5925299540976 
672,20000000003 56,0405440527357 
672,40000000003 56,2593651507813 
672,60000000003 55,5400588460155 
672,80000000003 55,5080083864107 
673,00000000003 55,7628998214495 
673,20000000003 55,3066015074032 
673,40000000003 55,7442717222984 
673,60000000003 56,0383792819472 
673,80000000003 55,8564167676213 
674,00000000003 55,351879375867 
674,200000000031 55,441905311829 
674,400000000031 55,5537713338558 
674,600000000031 55,4826777384645 
674,800000000031 55,9751027896736 
675,000000000031 56,0627498584456 
675,200000000031 55,7766484143903 
675,400000000031 55,5485964538773 
675,600000000031 55,7069037580021 
675,800000000031 55,8374367930572 
676,000000000031 55,9056585471123 
676,200000000031 55,6156344738846 
676,400000000031 56,0259944186911 
676,600000000031 55,7617922296689 
676,800000000031 55,6519286452876 
677,000000000031 55,3724654680002 
677,200000000031 55,627637472436 
677,400000000031 55,4598612878814 
677,600000000031 55,8308471980633 
677,800000000031 55,9595552213713 
678,000000000031 55,7239501993581 
678,200000000031 55,4073412904315 
678,400000000031 55,805493922019 
678,600000000032 55,6035885814669 
678,800000000032 55,5632886992139 
679,000000000032 55,9512984614936 
679,200000000032 55,8336305378521 
679,400000000032 56,0986633832992 
679,600000000032 55,983661801641 
679,800000000032 55,7805654408912 
680,000000000032 55,9258737910045 
680,200000000032 56,0208860649975 
680,400000000032 56,1122269537741 
680,600000000032 56,0194961077429 
680,800000000032 56,0874961658198 
681,000000000032 56,1055548733056 
681,200000000032 55,9069493412552 
681,400000000032 56,118327111393 
681,600000000032 55,917347774787 
681,800000000032 56,3780430671548 
682,000000000032 55,9874682902026 
682,200000000032 55,8253511374187 
682,400000000032 55,9926097208736 
682,600000000032 56,0563369170055 
682,800000000032 56,3326657526719 
683,000000000033 56,1724409520299 
683,200000000033 56,2945452807412 
683,400000000033 55,9614202127359 
683,600000000033 55,3219606252733 
683,800000000033 55,6660452805208 
684,000000000033 56,0976645337061 
684,200000000033 56,0092449644365 
684,400000000033 55,9729681280219 
684,600000000033 55,8507715900002 
684,800000000033 56,2026124135369 
685,000000000033 55,9364246051702 
685,200000000033 56,1313265132922 
685,400000000033 56,1546989664359 
685,600000000033 56,192255379422 
685,800000000033 55,8854679416949 
686,000000000033 56,0353167445186 
686,200000000033 55,7357522605922 
686,400000000033 56,4192278003818 
686,600000000033 56,1886953957085 
686,800000000033 56,2734892214805 
687,000000000033 56,123904652884 
687,200000000033 56,3000151109502 
687,400000000034 56,659837784236 
687,600000000034 56,4789622680687 
687,800000000034 56,4820344222147 
688,000000000034 55,9461846308541 
688,200000000034 55,9434340454401 
688,400000000034 56,5103360068029 
688,600000000034 56,6587232079193 
688,800000000034 56,7405592849471 
689,000000000034 56,3113534666974 
689,200000000034 56,3045273126032 
689,400000000034 56,3970297268636 
689,600000000034 56,461444925285 
689,800000000034 56,7068006341763 
690,000000000034 56,340518851624 
690,200000000034 55,9921307843076 
690,400000000034 56,4238294007506 
690,600000000034 56,5364297234372 
690,800000000034 56,0351893101514 
691,000000000034 56,4297038964359 
691,200000000034 56,4767786631252 
691,400000000034 56,5787360382015 
691,600000000034 56,8022092273501 
691,800000000035 56,4596120431222 
692,000000000035 56,4282042481025 
692,200000000035 56,161296338207 
692,400000000035 56,6678310659584 
692,600000000035 56,2422086471404 
692,800000000035 56,7593858891952 
693,000000000035 56,5272465409809 
693,200000000035 56,6005317054423 
693,400000000035 57,0138795828553 
693,600000000035 56,5867618533609 
693,800000000035 56,8082549496033 
694,000000000035 56,3845298455436 
694,200000000035 56,3362155406699 
694,400000000035 56,454210918515 
694,600000000035 56,648817402216 
694,800000000035 56,4737922897875 
695,000000000035 56,9764811502058 
695,200000000035 56,7477045657497 
695,400000000035 56,8390378617324 
695,600000000035 56,7714521901471 
695,800000000035 56,7411048665739 
696,000000000035 56,8030294752785 
696,200000000036 56,4513589036407 
696,400000000036 56,5373834067731 
696,600000000036 56,7339898741893 
696,800000000036 57,1491496195604 
697,000000000036 56,8991879759928 
697,200000000036 56,5788767824237 
697,400000000036 56,8468069186054 
697,600000000036 56,8876860617842 
697,800000000036 56,7220354563881 
698,000000000036 56,3839581392126 
698,200000000036 56,520390504955 
698,400000000036 56,8181689333091 
698,600000000036 56,4871893006973 
698,800000000036 57,2168247776597 
699,000000000036 57,4000420984864 
699,200000000036 56,7027941020564 
699,400000000036 56,6618163074487 
699,600000000036 56,7737730139566 
699,800000000036 56,7003421313172 
