Wavelength Trans 
nm % 
480 25,02630228606 
480,2 24,9013928146999 
480,4 24,8007796499157 
480,6 24,6704415378794 
480,8 24,5575018829826 
481 24,4414933262057 
481,2 24,3199316341994 
481,4 24,20982579671 
481,6 24,1029155526438 
481,8 23,9812992759808 
482 23,8683867759622 
482,2 23,7582116964105 
482,4 23,6539883565158 
482,6 23,5382687654966 
482,8 23,4219640339582 
483 23,3231466599417 
483,2 23,1986476470482 
483,4 23,0797566084468 
483,6 22,9781884113481 
483,8 22,8737903419019 
484 22,7578897385059 
484,2 22,6361129816952 
484,4 22,5258054010853 
484,6 22,4241547020513 
484,8 22,3140426447423 
485 22,1975265838899 
485,2 22,1272178412976 
485,4 22,0082653327942 
485,6 21,8835486062983 
485,8 21,7846736147987 
486 21,668541382776 
486,2 21,5753827059315 
486,4 21,4735869327926 
486,6 21,3717753282033 
486,8 21,2699478884759 
487 21,1650871062284 
487,2 21,0542355168235 
487,4 20,9552926311536 
487,6 20,8649034744356 
487,8 20,7656997182937 
488 20,646636637383 
488,2 20,5476312422175 
488,4 20,4542480319914 
488,6 20,3552122555007 
488,8 20,2617995342753 
488,999999999999 20,1626173904842 
489,199999999999 20,0687809769587 
489,399999999999 19,9667489773501 
489,599999999999 19,8647164688251 
489,799999999999 19,762720245436 
489,999999999999 19,6637254455178 
490,199999999999 19,5672468826106 
490,399999999999 19,4596985703524 
490,599999999999 19,3751647246826 
490,799999999999 19,2926887124515 
490,999999999999 19,1824694547474 
491,199999999999 19,1055318868671 
491,399999999999 19,0003772325473 
491,599999999999 18,8928439881509 
491,799999999999 18,8052831581581 
491,999999999999 18,7231231970252 
492,199999999999 18,6355338825746 
492,399999999999 18,5533463245169 
492,599999999999 18,4626740342776 
492,799999999999 18,365877301675 
492,999999999999 18,2581086309981 
493,199999999999 18,1701695067443 
493,399999999999 18,0909649833548 
493,599999999999 18,0086339725158 
493,799999999999 17,9178716535864 
493,999999999999 17,8270943293654 
494,199999999999 17,7363019961368 
494,399999999999 17,6517234996152 
494,599999999999 17,574627933301 
494,799999999999 17,4847158423124 
494,999999999999 17,415876657011 
495,199999999999 17,3194479130851 
495,399999999999 17,2401074827386 
495,599999999999 17,1639276003628 
495,799999999999 17,0897541995675 
495,999999999999 17,0020074247419 
496,199999999999 16,9226144722445 
496,399999999999 16,8463831051546 
496,599999999999 16,7753338618988 
496,799999999999 16,6959024390007 
496,999999999999 16,6163480694244 
497,199999999999 16,5398363253727 
497,399999999999 16,4719141909526 
497,599999999999 16,4007467585485 
497,799999999999 16,3212514081362 
497,999999999999 16,2449774809881 
498,199999999999 16,1770084328652 
498,399999999999 16,1025578806388 
498,599999999999 16,0211633931002 
498,799999999999 15,9582428365016 
498,999999999999 15,8850637258315 
499,199999999999 15,8218029664253 
499,399999999999 15,7422069314115 
499,599999999999 15,6724555574083 
499,799999999999 15,6175036362339 
499,999999999999 15,5475409011819 
500,199999999999 15,4924818870231 
500,399999999999 15,415910030531 
500,599999999999 15,354186361947 
500,799999999999 15,3023984824996 
500,999999999999 15,2339683831836 
501,199999999999 15,1620286940464 
501,399999999999 15,0888198042584 
501,599999999999 15,0387350109098 
501,799999999999 14,9950048257656 
501,999999999999 14,9299828555163 
502,199999999999 14,8765214042858 
502,399999999999 14,8312673162722 
502,599999999999 14,7860069787811 
502,799999999999 14,7340283631264 
502,999999999999 14,6655099582981 
503,199999999999 14,603668054855 
503,399999999999 14,5583794779475 
503,599999999999 14,5130846446496 
503,799999999999 14,4677835536668 
503,999999999999 14,4224762037046 
504,199999999999 14,3703315394746 
504,399999999999 14,3052703714731 
504,599999999999 14,251779306221 
504,799999999999 14,2098607421496 
504,999999999999 14,176050555906 
505,199999999999 14,13174311276 
505,399999999999 14,0771254350943 
505,599999999999 14,0445069187598 
505,799999999999 13,9875582076058 
505,999999999999 13,9445039362508 
506,199999999999 13,9199791686759 
506,399999999998 13,8734382125757 
506,599999999998 13,8442706345943 
506,799999999998 13,795399752904 
506,999999999998 13,7418185152228 
507,199999999998 13,6997871752163 
507,399999999998 13,6694989342637 
507,599999999998 13,6366557783234 
507,799999999998 13,5902465561695 
507,999999999998 13,5609293226963 
508,199999999998 13,5190295732093 
508,399999999998 13,4851819099214 
508,599999999998 13,4548662456948 
508,799999999998 13,4290165620765 
508,999999999998 13,3950382206516 
509,199999999998 13,3575771868806 
509,399999999998 13,3157039424349 
509,599999999998 13,285422709564 
509,799999999998 13,259533821523 
509,999999999998 13,2292153415432 
510,199999999998 13,2140909144393 
510,399999999998 13,2041846497936 
510,599999999998 13,173856377319 
510,799999999998 13,1551111537986 
510,999999999998 13,1406945944703 
511,199999999998 13,1183635106631 
511,399999999998 13,1033416455585 
511,599999999998 13,1042189214617 
511,799999999998 13,0941265325035 
511,999999999998 13,0748052242557 
512,199999999998 13,0799758545733 
512,399999999998 13,0655844364478 
512,599999999998 13,0505529991284 
512,799999999998 13,0514284744416 
512,999999999998 13,0485895424445 
513,199999999998 13,0378504700068 
513,399999999998 13,0419764628564 
513,599999999999 13,0591099546873 
513,799999999999 13,0479053166398 
513,999999999999 13,0603958432759 
514,199999999999 13,0691704213422 
514,399999999999 13,0700462277905 
514,599999999999 13,0746603647231 
514,799999999999 13,0871984222953 
514,999999999999 13,0959190492687 
515,199999999999 13,0967968830053 
515,399999999999 13,101452063101 
515,599999999999 13,1101753988837 
515,799999999999 13,1110543643766 
515,999999999999 13,1157114362165 
516,199999999999 13,1244374822802 
516,399999999999 13,1215390849713 
516,599999999999 13,1183705770902 
516,799999999999 13,1270825321453 
516,999999999999 13,1241255862917 
517,199999999999 13,1210524735552 
517,399999999999 13,1297242426745 
517,599999999999 13,1267668782883 
517,8 13,1160164677772 
518 13,097587243485 
518,2 13,0674070992714 
518,4 13,0604139625092 
518,6 13,0651513453725 
518,8 13,0428169006033 
519 13,0280996657408 
519,2 12,9980216065462 
519,4 12,9988941025845 
519,6 12,995867775306 
519,8 12,9851100526297 
520 12,966570542283 
520,2 12,9403491541705 
520,4 12,9217493918795 
520,6 12,8955247997762 
520,8 12,8847777533187 
521 12,8740292132818 
521,2 12,8553605156006 
521,4 12,8173586321731 
521,6 12,8107959966758 
521,8 12,811686293447 
522 12,8086163014917 
522,200000000001 12,7978396011119 
522,400000000001 12,7950828323828 
522,600000000001 12,8036030220473 
522,800000000001 12,7964535640784 
523,000000000001 12,7860997682308 
523,200000000001 12,7906007589577 
523,400000000001 12,779836695048 
523,600000000001 12,7650502237362 
523,800000000001 12,7506701732389 
524,000000000001 12,7515569877753 
524,200000000001 12,7564874222358 
524,400000000001 12,7690732690794 
524,600000000001 12,7857004904364 
524,800000000001 12,8017465140189 
525,000000000001 12,8067183608527 
525,200000000001 12,8151887618994 
525,400000000001 12,816080496725 
525,600000000001 12,8292184243529 
525,800000000001 12,8651008798741 
526,000000000001 12,8928452408055 
526,200000000001 12,9220129893231 
526,400000000001 12,9605332499427 
526,600000000002 12,9697190316946 
526,800000000002 12,9939564995921 
527,000000000002 13,0140549867348 
527,200000000002 13,0390579527366 
527,400000000002 13,0866447274881 
527,600000000002 13,1383813505968 
527,800000000002 13,1935944177895 
528,000000000002 13,2413550268789 
528,200000000002 13,2847667116242 
528,400000000002 13,3207134143745 
528,600000000002 13,3608681647818 
528,800000000002 13,4042972478995 
529,000000000002 13,4486670419048 
529,200000000002 13,5121931605117 
529,400000000002 13,5789975532968 
529,600000000002 13,6425416074022 
529,800000000002 13,7136499879792 
530,000000000002 13,7676938894976 
530,200000000002 13,8045811348966 
530,400000000002 13,8594610271531 
530,600000000002 13,9069288671694 
530,800000000002 13,9671946589618 
531,000000000003 14,0497229982231 
531,200000000003 14,1322601507201 
531,400000000003 14,2020111851289 
531,600000000003 14,2667436724826 
531,800000000003 14,3439943065405 
532,000000000003 14,3958298764851 
532,200000000003 14,4593579566727 
532,400000000003 14,5216067508987 
532,600000000003 14,5691353266638 
532,800000000003 14,6080189428136 
533,000000000003 14,6538045198652 
533,200000000003 14,7320925799866 
533,400000000003 14,8075033381111 
533,600000000003 14,8860090610752 
533,800000000003 14,9481870296781 
534,000000000003 14,9826015789293 
534,200000000003 14,9907103499581 
534,400000000003 14,9958968187457 
534,600000000003 15,01277831342 
534,800000000003 15,0457425169622 
535,000000000003 15,0889435612806 
535,200000000003 15,1337234369863 
535,400000000004 15,1976463159137 
535,600000000004 15,2343321668176 
535,800000000004 15,2678231832242 
536,000000000004 15,290398891796 
536,200000000004 15,2867704805529 
536,400000000004 15,2669953921429 
536,600000000004 15,2371560046164 
536,800000000004 15,2190147794514 
537,000000000004 15,2170204931821 
537,200000000004 15,234030316678 
537,400000000004 15,2628323188749 
537,600000000004 15,3077725374897 
537,800000000004 15,3490882833787 
538,000000000004 15,3571078483895 
538,200000000004 15,3444088168845 
538,400000000004 15,3056035287662 
538,600000000004 15,2550870967382 
538,800000000004 15,1973652221778 
539,000000000004 15,1667083265097 
539,200000000004 15,1747005427024 
539,400000000004 15,1983468573356 
539,600000000004 15,2485766476507 
539,800000000005 15,284521460609 
540,000000000005 15,3158869265294 
540,200000000005 15,3355279532516 
540,400000000005 15,3251862587371 
540,600000000005 15,2882556213663 
540,800000000005 15,2563843880093 
541,000000000005 15,2194234929436 
541,200000000005 15,2152839442954 
541,400000000005 15,244122866802 
541,600000000005 15,2893089459948 
541,800000000005 15,3486766630582 
542,000000000005 15,408050467687 
542,200000000005 15,4628016184242 
542,400000000005 15,4965818518758 
542,600000000005 15,5044680416301 
542,800000000005 15,5005774841934 
543,000000000005 15,4896520472438 
543,200000000005 15,478725489437 
543,400000000005 15,4818641403664 
543,600000000005 15,520169659064 
543,800000000005 15,579579684317 
544,000000000005 15,6483748009465 
544,200000000006 15,7265557316277 
544,400000000006 15,8169457738009 
544,600000000006 15,8714557759331 
544,800000000006 15,9096743757313 
545,000000000006 15,9339435052477 
545,200000000006 15,9392168100064 
545,400000000006 15,9403286633606 
545,600000000006 15,9668311698811 
545,800000000006 15,9983806518961 
546,000000000006 16,0578487747967 
546,200000000006 16,1317680633 
546,400000000006 16,2219119824568 
546,600000000006 16,3048631798099 
546,800000000006 16,3733923226917 
547,000000000006 16,4355938698137 
547,200000000006 16,4993260762831 
547,400000000006 16,5401849905016 
547,600000000006 16,5831599694391 
547,800000000006 16,6192159586989 
548,000000000006 16,6650216522458 
548,200000000006 16,7247326493254 
548,400000000006 16,7891456023283 
548,600000000007 16,8653024131702 
548,800000000007 16,9483335394946 
549,000000000007 17,0313731951291 
549,200000000007 17,1144213813849 
549,400000000007 17,1877338943751 
549,600000000007 17,2521904850029 
549,800000000007 17,3187736315608 
550,000000000007 17,3834421036949 
550,200000000007 17,4596378173869 
550,400000000007 17,5327863251126 
550,600000000007 17,6021844057036 
550,800000000007 17,6852113135899 
551,000000000007 17,7731786616558 
551,200000000007 17,8679660316661 
551,400000000007 17,9679202738336 
551,600000000007 18,0697871991085 
551,800000000007 18,1546170195111 
552,000000000007 18,2309386392165 
552,200000000007 18,3290004829154 
552,400000000007 18,4423433779679 
552,600000000007 18,5289684511042 
552,800000000007 18,6035597020813 
553,000000000008 18,6984256968209 
553,200000000008 18,7884841114658 
553,400000000008 18,8769079391181 
553,600000000008 18,9667468090763 
553,800000000008 19,0549490774615 
554,000000000008 19,1397509799112 
554,200000000008 19,2212705113707 
554,400000000008 19,3111422491231 
554,600000000008 19,3943227009064 
554,800000000008 19,4876201590999 
555,000000000008 19,5945575330811 
555,200000000008 19,6913495789255 
555,400000000008 19,7694492467702 
555,600000000008 19,8613711407561 
555,800000000008 19,9542997847492 
556,000000000008 20,0242513430356 
556,200000000008 20,1023811627382 
556,400000000008 20,1789898829474 
556,600000000008 20,2622497785618 
556,800000000008 20,3508409724736 
557,000000000008 20,4306203239189 
557,200000000008 20,5007313883549 
557,400000000009 20,5891972166936 
557,600000000009 20,689433624718 
557,800000000009 20,7910906756301 
558,000000000009 20,8809938210081 
558,200000000009 20,97984652297 
558,400000000009 21,1088240138888 
558,600000000009 21,1626704390866 
558,800000000009 21,2265184157212 
559,000000000009 21,3046379649024 
559,200000000009 21,3867070758231 
559,400000000009 21,4608989804448 
559,600000000009 21,5246842606201 
559,800000000009 21,5975953085092 
560,000000000009 21,6502665230609 
560,200000000009 21,7123219595568 
560,400000000009 21,7970675383885 
560,600000000009 21,9027827250635 
560,800000000009 22,0238190454442 
561,000000000009 22,1266328492755 
561,200000000009 22,2282901130501 
561,400000000009 22,3152480438813 
561,600000000009 22,3869166853366 
561,80000000001 22,4609535906592 
562,00000000001 22,5275151627372 
562,20000000001 22,6006027777269 
562,40000000001 22,6735051227585 
562,60000000001 22,7410610444393 
562,80000000001 22,7968478382752 
563,00000000001 22,8730329045826 
563,20000000001 22,9759825672706 
563,40000000001 23,088618058962 
563,60000000001 23,2098198810425 
563,80000000001 23,3184448009078 
564,00000000001 23,4271374485009 
564,20000000001 23,524709439894 
564,40000000001 23,6095661809623 
564,60000000001 23,6944396233421 
564,80000000001 23,7793297719589 
565,00000000001 23,8588357512477 
565,20000000001 23,9157638754257 
565,40000000001 23,9755287761184 
565,60000000001 24,0498488409911 
565,80000000001 24,1168174025073 
566,00000000001 24,2120647161409 
566,200000000011 24,3270993258171 
566,400000000011 24,4358430005144 
566,600000000011 24,555588299098 
566,800000000011 24,6825001185448 
567,000000000011 24,7921400612087 
567,200000000011 24,900432591114 
567,400000000011 25,0158719211881 
567,600000000011 25,1192026579482 
567,800000000011 25,2107424979402 
568,000000000011 25,2904877879339 
568,200000000011 25,3584348731911 
568,400000000011 25,4256876497643 
568,600000000011 25,5047714403453 
568,800000000011 25,59033662272 
569,000000000011 25,6871723275177 
569,200000000011 25,8074443466818 
569,400000000011 25,9457694871066 
569,600000000011 26,090330114598 
569,800000000011 26,2349206290781 
570,000000000011 26,3683251617522 
570,200000000011 26,4894010247029 
570,400000000011 26,6049282203081 
570,600000000012 26,7201788190394 
570,800000000012 26,8303344600899 
571,000000000012 26,916533060793 
571,200000000012 26,9847639395512 
571,400000000012 27,0525368320117 
571,600000000012 27,1435234022493 
571,800000000012 27,2473125425827 
572,000000000012 27,3449684588473 
572,200000000012 27,4600170157872 
572,400000000012 27,6797252074004 
572,600000000012 27,7806622333085 
572,800000000012 27,8956488917685 
573,000000000012 28,0347076409191 
573,200000000012 28,179896955808 
573,400000000012 28,3193713805555 
573,600000000012 28,4585211921537 
573,800000000012 28,575065695276 
574,000000000012 28,6613297117039 
574,200000000012 28,7476232770836 
574,400000000012 28,8337149265429 
574,600000000012 28,9256345792203 
574,800000000012 29,0294305934831 
575,000000000013 29,1391136680407 
575,200000000013 29,241851375534 
575,400000000013 29,3491697283047 
575,600000000013 29,4864049665651 
575,800000000013 29,6359338141317 
576,000000000013 29,7908299736275 
576,200000000013 29,9518425788106 
576,400000000013 30,1068748681529 
576,600000000013 30,2501736224076 
576,800000000013 30,3815009599166 
577,000000000013 30,4893497904244 
577,200000000013 30,5908592721098 
577,400000000013 30,6811359125585 
577,600000000013 30,7592608726479 
577,800000000013 30,8491014638957 
578,000000000013 30,9389473049481 
578,200000000013 31,0465934552543 
578,400000000013 31,1720412575438 
578,600000000013 31,3093602565051 
578,800000000013 31,4526191579825 
579,000000000013 31,6081707036358 
579,200000000013 31,7755918163591 
579,400000000014 31,9485991069482 
579,600000000014 32,1214973608394 
579,800000000014 32,2705543379986 
580,000000000014 32,4199762464679 
580,200000000014 32,5560617870082 
580,400000000014 32,6617892346993 
580,600000000014 32,7555200196342 
580,800000000014 32,8377058630517 
581,000000000014 32,9259310805221 
581,200000000014 33,0076607764585 
581,400000000014 33,1491012828904 
581,600000000014 33,2350085281776 
581,800000000014 33,3491463542788 
582,000000000014 33,4904029346295 
582,200000000014 33,6376999962557 
582,400000000014 33,8033522197923 
582,600000000014 33,980595985678 
582,800000000014 34,1573971671643 
583,000000000014 34,3280784141077 
583,200000000014 34,4807797716667 
583,400000000014 34,6097507363787 
583,600000000014 34,7272090287974 
583,800000000015 34,8324446128538 
584,000000000015 34,9325503690606 
584,200000000015 35,0198833384257 
584,400000000015 35,0898797855011 
584,600000000015 35,1722035669778 
584,800000000015 35,2597394922078 
585,000000000015 35,3785715685439 
585,200000000015 35,5183289596527 
585,400000000015 35,6579503114554 
585,600000000015 35,8152843176434 
585,800000000015 35,9844641916903 
586,000000000015 36,1650761512783 
586,200000000015 36,3326192718049 
586,400000000015 36,594338581481 
586,600000000015 36,6856776700094 
586,800000000015 36,795664448742 
587,000000000015 36,9100722604941 
587,200000000015 37,0132049707817 
587,400000000015 37,1103411257108 
587,600000000015 37,1955314812626 
587,800000000015 37,2749243238643 
588,000000000015 37,3543022248703 
588,200000000016 37,4336651885036 
588,400000000016 37,5255615549601 
588,600000000016 37,6411155566963 
588,800000000016 37,7803205173827 
589,000000000016 37,9373291581102 
589,200000000016 38,0998175539985 
589,400000000016 38,2745573843558 
589,600000000016 38,4539387804081 
589,800000000016 38,6214556658488 
590,000000000016 38,7771113870352 
590,200000000016 38,9205482130087 
590,400000000016 39,0452595521211 
590,600000000016 39,1463340110464 
590,800000000016 39,2363526754398 
591,000000000016 39,332525678846 
591,200000000016 39,3958145590956 
591,400000000016 39,451992498482 
591,600000000016 39,5235224164907 
591,800000000016 39,5959795084061 
592,000000000016 39,6866144264143 
592,200000000016 39,8011948016467 
592,400000000016 39,9458745783486 
592,600000000017 40,0999196769539 
592,800000000017 40,2549893462552 
593,000000000017 40,4153943082095 
593,200000000017 40,5886288867375 
593,400000000017 40,746830483432 
593,600000000017 40,8899416509809 
593,800000000017 41,0452592728378 
594,000000000017 41,1668908599312 
594,200000000017 41,2562693732692 
594,400000000017 41,3456260982752 
594,600000000017 41,4090095792712 
594,800000000017 41,4576316722766 
595,000000000017 41,5115495244283 
595,200000000017 41,5657925328125 
595,400000000017 41,662193724849 
595,600000000017 41,7215701573269 
595,800000000017 41,8113625471224 
596,000000000017 41,9320734749069 
596,200000000017 42,0710918179012 
596,400000000017 42,2336578007718 
596,600000000017 42,393603220209 
596,800000000017 42,5299520912931 
597,000000000018 42,6819466262168 
597,200000000018 42,8356546202796 
597,400000000018 42,9735274424166 
597,600000000018 43,0912822106089 
597,800000000018 43,180275455249 
598,000000000018 43,2654832388797 
598,200000000018 43,3426684853976 
598,400000000018 43,3896944946257 
598,600000000018 43,4211688397586 
598,800000000018 43,4593522461913 
599,000000000018 43,5026818896645 
599,200000000018 43,5459093458461 
599,400000000018 43,6223794448963 
599,600000000018 43,7244357778855 
599,800000000018 43,8397717773285 
600,000000000018 43,978622013374 
600,200000000018 44,1480894250307 
600,400000000018 44,3085756813799 
600,600000000018 44,4496562546178 
600,800000000018 44,5770170645656 
601,000000000018 44,6875505552667 
601,200000000018 44,7997291036957 
601,400000000019 44,9035521645692 
601,600000000019 45,0039612540048 
601,800000000019 45,0758967669229 
602,000000000019 45,1496285418019 
602,200000000019 45,2097023164883 
602,400000000019 45,2513391027978 
602,600000000019 45,2912104457013 
602,800000000019 45,3125516972269 
603,000000000019 45,3577156181769 
603,200000000019 45,407584694184 
603,400000000019 45,4830400596336 
603,600000000019 45,6091929001605 
603,800000000019 45,7502330989714 
604,000000000019 45,8773274067818 
604,200000000019 46,0150067238796 
604,400000000019 46,1606829583539 
604,600000000019 46,2877698645825 
604,800000000019 46,4186186333446 
605,000000000019 46,5184096072135 
605,200000000019 46,6094581689701 
605,400000000019 46,7033540806389 
605,600000000019 46,7954206336505 
605,80000000002 46,8579666272891 
606,00000000002 46,889223532798 
606,20000000002 46,9224849055597 
606,40000000002 46,9537495163042 
606,60000000002 46,987018838498 
606,80000000002 47,0114492268936 
607,00000000002 47,0538781028449 
607,20000000002 47,1225290621206 
607,40000000002 47,2168493250869 
607,60000000002 47,3326050822025 
607,80000000002 47,4601472480427 
608,00000000002 47,599477968759 
608,20000000002 47,7228125607898 
608,40000000002 47,8459668743374 
608,60000000002 47,971661969907 
608,80000000002 48,0713131476847 
609,00000000002 48,1566683117176 
609,20000000002 48,2350261353998 
609,40000000002 48,3394812332718 
609,60000000002 48,3659747483065 
609,80000000002 48,4134976008831 
610,00000000002 48,4473453992721 
610,200000000021 48,4691671881921 
610,400000000021 48,4826985342168 
610,600000000021 48,5231353195693 
610,800000000021 48,5731416540237 
611,000000000021 48,6066590592238 
611,200000000021 48,6779041782116 
611,400000000021 48,7633081184805 
611,600000000021 48,8679668659644 
611,800000000021 48,9842516668523 
612,000000000021 49,1099284711558 
612,200000000021 49,2306779455733 
612,400000000021 49,3207281685407 
612,600000000021 49,4182310394772 
612,800000000021 49,5011833131465 
613,000000000021 49,5728829862151 
613,200000000021 49,6419783516863 
613,400000000021 49,7063372989725 
613,600000000021 49,7779098088119 
613,800000000021 49,8180985511361 
614,000000000021 49,849680577705 
614,200000000021 49,8832755425416 
614,400000000021 49,9122731925887 
614,600000000022 49,9196467230654 
614,800000000022 49,9350026107237 
615,000000000022 49,9712794254253 
615,200000000022 50,0339064539125 
615,400000000022 50,1097904490547 
615,600000000022 50,1852546301203 
615,800000000022 50,2896850277248 
616,000000000022 50,4050633343189 
616,200000000022 50,5162551536687 
616,400000000022 50,6126799328983 
616,600000000022 50,6925988339443 
616,800000000022 50,7607109348344 
617,000000000022 50,8170130803975 
617,200000000022 50,8908244989285 
617,400000000022 50,9561341590037 
617,600000000022 51,0079754172625 
617,800000000022 51,0378792600314 
618,000000000022 51,0912475774701 
618,200000000022 51,1150205414718 
618,400000000022 51,1279561334407 
618,600000000022 51,140401026557 
618,800000000022 51,1627076315082 
619,000000000023 51,1909344084106 
619,200000000023 51,2117699148074 
619,400000000023 51,2876959364326 
619,600000000023 51,3691714005263 
619,800000000023 51,4329372526926 
620,000000000023 51,5340051473576 
620,200000000023 51,6346155443289 
620,400000000023 51,6992951002041 
620,600000000023 51,7799441889675 
620,800000000023 51,8556597009148 
621,000000000023 51,9181571222767 
621,200000000023 51,988068170842 
621,400000000023 52,0247061891295 
621,600000000023 52,0622975812453 
621,800000000023 52,0978198456197 
622,000000000023 52,1246993617174 
622,200000000023 52,166627583936 
622,400000000023 52,187126605769 
622,600000000023 52,2206578406529 
622,800000000023 52,2257488518396 
623,000000000023 52,2431657251945 
623,200000000023 52,2743299013984 
623,400000000024 52,3356781309875 
623,600000000024 52,3546845645917 
623,800000000024 52,4090925883158 
624,000000000024 52,4912831256495 
624,200000000024 52,5546899441543 
624,400000000024 52,6282651824001 
624,600000000024 52,6838875889935 
624,800000000024 52,7456237907391 
625,000000000024 52,8123466970117 
625,200000000024 52,8595721672582 
625,400000000024 52,9284429629001 
625,600000000024 52,9975238952882 
625,800000000024 53,0265875553791 
626,000000000024 53,0620689579938 
626,200000000024 53,0868781203164 
626,400000000024 53,0915279613337 
626,600000000024 53,1074438639695 
626,800000000024 53,1316612813153 
627,000000000024 53,1559582582384 
627,200000000024 53,1646830047156 
627,400000000024 53,1729509289639 
627,600000000024 53,2163822005947 
627,800000000025 53,2528762993499 
628,000000000025 53,3237049157538 
628,200000000025 53,3880117592163 
628,400000000025 53,4281851041346 
628,600000000025 53,4956156423847 
628,800000000025 53,5557990248404 
629,000000000025 53,5802602950596 
629,200000000025 53,6239358727756 
629,400000000025 53,6837423200335 
629,600000000025 53,7357219276958 
629,800000000025 53,7758418870226 
630,000000000025 53,8199171143583 
630,200000000025 53,8521725472013 
630,400000000025 53,8763429322803 
630,600000000025 53,8840931610823 
630,800000000025 53,9072484748812 
631,000000000025 53,9265487557008 
631,200000000025 53,93001478684 
631,400000000025 53,9373946546804 
631,600000000025 53,964639043044 
631,800000000025 53,9838776162088 
632,000000000025 54,0111224520732 
632,200000000026 54,0700329835915 
632,400000000026 54,1353073582666 
632,600000000026 54,1743307157644 
632,800000000026 54,2027588461007 
633,000000000026 54,2418599084286 
633,200000000026 54,2889455211116 
633,400000000026 54,3199388270085 
633,600000000026 54,3751661877192 
633,800000000026 54,4057850573319 
634,000000000026 54,433141952672 
634,200000000026 54,4922208563954 
634,400000000026 54,5148331062644 
634,600000000026 54,5464978479878 
634,800000000026 54,553175529788 
635,000000000026 54,581122601777 
635,200000000026 54,6038516736262 
635,400000000026 54,6232599175858 
635,600000000026 54,6222719360038 
635,800000000026 54,642153889237 
636,000000000026 54,6691503250722 
636,200000000026 54,6843272346987 
636,400000000026 54,7119335317967 
636,600000000027 54,7469916631485 
636,800000000027 54,7901714611529 
637,000000000027 54,8208410322103 
637,200000000027 54,8521621015844 
637,400000000027 54,8872175959194 
637,600000000027 54,930555931051 
637,800000000027 54,9611775356952 
638,000000000027 55,0089176930097 
638,200000000027 55,0595026473589 
638,400000000027 55,0736871053338 
638,600000000027 55,1058928964544 
638,800000000027 55,1200766516708 
639,000000000027 55,1359198677246 
639,200000000027 55,1674158386314 
639,400000000027 55,1777991110236 
639,600000000027 55,1937598962575 
639,800000000027 55,2004729740556 
640,000000000027 55,2246729063888 
640,200000000027 55,2432411162432 
640,400000000027 55,2628166183143 
640,600000000027 55,2776893047683 
640,800000000027 55,3054058374758 
641,000000000028 55,3152954106085 
641,200000000028 55,3311119314012 
641,400000000028 55,3706372797885 
641,600000000028 55,4172742654716 
641,800000000028 55,4390160061875 
642,000000000028 55,4666840259395 
642,200000000028 55,5015860561306 
642,400000000028 55,5364163184719 
642,600000000028 55,5544804898561 
642,800000000028 55,5906205133728 
643,000000000028 55,6038236283954 
643,200000000028 55,6197523828975 
643,400000000028 55,6259613966799 
643,600000000028 55,6587669493738 
643,800000000028 55,6633839196774 
644,000000000028 55,6844074260953 
644,200000000028 55,7107640445829 
644,400000000028 55,7000228631782 
644,600000000028 55,7176078612435 
644,800000000028 55,7355481582577 
645,000000000028 55,7550285577794 
645,200000000028 55,7780271286035 
645,400000000029 55,7755551896294 
645,600000000029 55,8052852870451 
645,800000000029 55,82648212947 
646,000000000029 55,8544924085177 
646,200000000029 55,8807836597348 
646,400000000029 55,9138594484894 
646,600000000029 55,9289217558017 
646,800000000029 55,9581676219547 
647,000000000029 55,9758647445711 
647,200000000029 55,9869254203547 
647,400000000029 56,0065174771377 
647,600000000029 56,0294268622077 
647,800000000029 56,0608670536926 
648,000000000029 56,0786014934605 
648,200000000029 56,0982656795995 
648,400000000029 56,1039918086927 
648,600000000029 56,1203813985487 
648,800000000029 56,1175169619823 
649,000000000029 56,1134676448803 
649,200000000029 56,1298564086789 
649,400000000029 56,1269919602353 
649,600000000029 56,1574708890637 
649,80000000003 56,1868355958667 
650,00000000003 56,2097385636619 
650,20000000003 56,20669544142 
650,40000000003 56,2286495833992 
650,60000000003 56,2462069759845 
650,80000000003 56,249134205588 
651,00000000003 56,2837683042412 
651,20000000003 56,3136715783938 
651,40000000003 56,3372329549433 
651,60000000003 56,3520868284637 
651,80000000003 56,3550938603475 
652,00000000003 56,3723761884708 
652,20000000003 56,4046445368856 
652,40000000003 56,413929690478 
652,60000000003 56,4225635287392 
652,80000000003 56,4518106349933 
653,00000000003 56,4609184025075 
653,20000000003 56,4695522427798 
653,40000000003 56,4987990326596 
653,60000000003 56,4903737848888 
653,80000000003 56,5103801075591 
654,00000000003 56,4930558428535 
654,200000000031 56,5102916690366 
654,400000000031 56,5280470232585 
654,600000000031 56,5574117273601 
654,800000000031 56,566341358953 
